0.0833333333333333	0.0833333333333333	0.0833333333333333	0.0833333333333333	0	0	0	0	0.0833333333333333	0.0833333333333333	0.0833333333333333	0.0833333333333333	0	0	0	0	0.0833333333333333	0.0833333333333333	0.0833333333333333	0.0833333333333333	0	0	0	0
0.0833333333333333	0.0833333333333333	0.0833333333333333	0.0833333333333333	0	0	0	0	0.0833333333333333	0.0833333333333333	0.0833333333333333	0.0833333333333333	0	0	0	0	0.0833333333333333	0.0833333333333333	0.0833333333333333	0.0833333333333333	0	0	0	0
0.0833333333333333	0.0833333333333333	0.0833333333333333	0.0833333333333333	0	0	0	0	0.0833333333333333	0.0833333333333333	0.0833333333333333	0.0833333333333333	0	0	0	0	0.0833333333333333	0.0833333333333333	0.0833333333333333	0.0833333333333333	0	0	0	0
0.0833333333333333	0.0833333333333333	0.0833333333333333	0.0833333333333333	0	0	0	0	0.0833333333333333	0.0833333333333333	0.0833333333333333	0.0833333333333333	0	0	0	0	0.0833333333333333	0.0833333333333333	0.0833333333333333	0.0833333333333333	0	0	0	0
0	0	0	0	0.0833333333333333	0.0833333333333333	0.0833333333333333	0.0833333333333333	0	0	0	0	0.0833333333333333	0.0833333333333333	0.0833333333333333	0.0833333333333333	0	0	0	0	0.0833333333333333	0.0833333333333333	0.0833333333333333	0.0833333333333333
0	0	0	0	0.0833333333333333	0.0833333333333333	0.0833333333333333	0.0833333333333333	0	0	0	0	0.0833333333333333	0.0833333333333333	0.0833333333333333	0.0833333333333333	0	0	0	0	0.0833333333333333	0.0833333333333333	0.0833333333333333	0.0833333333333333
0	0	0	0	0.0833333333333333	0.0833333333333333	0.0833333333333333	0.0833333333333333	0	0	0	0	0.0833333333333333	0.0833333333333333	0.0833333333333333	0.0833333333333333	0	0	0	0	0.0833333333333333	0.0833333333333333	0.0833333333333333	0.0833333333333333
0	0	0	0	0.0833333333333333	0.0833333333333333	0.0833333333333333	0.0833333333333333	0	0	0	0	0.0833333333333333	0.0833333333333333	0.0833333333333333	0.0833333333333333	0	0	0	0	0.0833333333333333	0.0833333333333333	0.0833333333333333	0.0833333333333333
0.0833333333333333	0.0833333333333333	0.0833333333333333	0.0833333333333333	0	0	0	0	0.0833333333333333	0.0833333333333333	0.0833333333333333	0.0833333333333333	0	0	0	0	0.0833333333333333	0.0833333333333333	0.0833333333333333	0.0833333333333333	0	0	0	0
0.0833333333333333	0.0833333333333333	0.0833333333333333	0.0833333333333333	0	0	0	0	0.0833333333333333	0.0833333333333333	0.0833333333333333	0.0833333333333333	0	0	0	0	0.0833333333333333	0.0833333333333333	0.0833333333333333	0.0833333333333333	0	0	0	0
0.0833333333333333	0.0833333333333333	0.0833333333333333	0.0833333333333333	0	0	0	0	0.0833333333333333	0.0833333333333333	0.0833333333333333	0.0833333333333333	0	0	0	0	0.0833333333333333	0.0833333333333333	0.0833333333333333	0.0833333333333333	0	0	0	0
0.0833333333333333	0.0833333333333333	0.0833333333333333	0.0833333333333333	0	0	0	0	0.0833333333333333	0.0833333333333333	0.0833333333333333	0.0833333333333333	0	0	0	0	0.0833333333333333	0.0833333333333333	0.0833333333333333	0.0833333333333333	0	0	0	0
0	0	0	0	0.0833333333333333	0.0833333333333333	0.0833333333333333	0.0833333333333333	0	0	0	0	0.0833333333333333	0.0833333333333333	0.0833333333333333	0.0833333333333333	0	0	0	0	0.0833333333333333	0.0833333333333333	0.0833333333333333	0.0833333333333333
0	0	0	0	0.0833333333333333	0.0833333333333333	0.0833333333333333	0.0833333333333333	0	0	0	0	0.0833333333333333	0.0833333333333333	0.0833333333333333	0.0833333333333333	0	0	0	0	0.0833333333333333	0.0833333333333333	0.0833333333333333	0.0833333333333333
0	0	0	0	0.0833333333333333	0.0833333333333333	0.0833333333333333	0.0833333333333333	0	0	0	0	0.0833333333333333	0.0833333333333333	0.0833333333333333	0.0833333333333333	0	0	0	0	0.0833333333333333	0.0833333333333333	0.0833333333333333	0.0833333333333333
0	0	0	0	0.0833333333333333	0.0833333333333333	0.0833333333333333	0.0833333333333333	0	0	0	0	0.0833333333333333	0.0833333333333333	0.0833333333333333	0.0833333333333333	0	0	0	0	0.0833333333333333	0.0833333333333333	0.0833333333333333	0.0833333333333333
0.0833333333333333	0.0833333333333333	0.0833333333333333	0.0833333333333333	0	0	0	0	0.0833333333333333	0.0833333333333333	0.0833333333333333	0.0833333333333333	0	0	0	0	0.0833333333333333	0.0833333333333333	0.0833333333333333	0.0833333333333333	0	0	0	0
0.0833333333333333	0.0833333333333333	0.0833333333333333	0.0833333333333333	0	0	0	0	0.0833333333333333	0.0833333333333333	0.0833333333333333	0.0833333333333333	0	0	0	0	0.0833333333333333	0.0833333333333333	0.0833333333333333	0.0833333333333333	0	0	0	0
0.0833333333333333	0.0833333333333333	0.0833333333333333	0.0833333333333333	0	0	0	0	0.0833333333333333	0.0833333333333333	0.0833333333333333	0.0833333333333333	0	0	0	0	0.0833333333333333	0.0833333333333333	0.0833333333333333	0.0833333333333333	0	0	0	0
0.0833333333333333	0.0833333333333333	0.0833333333333333	0.0833333333333333	0	0	0	0	0.0833333333333333	0.0833333333333333	0.0833333333333333	0.0833333333333333	0	0	0	0	0.0833333333333333	0.0833333333333333	0.0833333333333333	0.0833333333333333	0	0	0	0
0	0	0	0	0.0833333333333333	0.0833333333333333	0.0833333333333333	0.0833333333333333	0	0	0	0	0.0833333333333333	0.0833333333333333	0.0833333333333333	0.0833333333333333	0	0	0	0	0.0833333333333333	0.0833333333333333	0.0833333333333333	0.0833333333333333
0	0	0	0	0.0833333333333333	0.0833333333333333	0.0833333333333333	0.0833333333333333	0	0	0	0	0.0833333333333333	0.0833333333333333	0.0833333333333333	0.0833333333333333	0	0	0	0	0.0833333333333333	0.0833333333333333	0.0833333333333333	0.0833333333333333
0	0	0	0	0.0833333333333333	0.0833333333333333	0.0833333333333333	0.0833333333333333	0	0	0	0	0.0833333333333333	0.0833333333333333	0.0833333333333333	0.0833333333333333	0	0	0	0	0.0833333333333333	0.0833333333333333	0.0833333333333333	0.0833333333333333
0	0	0	0	0.0833333333333333	0.0833333333333333	0.0833333333333333	0.0833333333333333	0	0	0	0	0.0833333333333333	0.0833333333333333	0.0833333333333333	0.0833333333333333	0	0	0	0	0.0833333333333333	0.0833333333333333	0.0833333333333333	0.0833333333333333
